0 0.9234156621866356 0.7058033460447737
1 0.9689817562935892 0.8322308003569517
2 0.9759331844963962 0.8630133666797504
3 0.9788455981032874 0.8755442240131066
4 0.9811324630755421 0.8863631625634415
5 0.9827264151311013 0.893122775988043
6 0.9849396025873295 0.9029798995477428
7 0.98591680658453 0.9084573308062959
8 0.9865793051066591 0.9119944159136008
9 0.9873221675149967 0.9152704353907695
10 0.9877329371427608 0.9184018456335854
11 0.9880686331441969 0.919744271136761
12 0.9883454287168937 0.9215403175300491
13 0.9885120012006545 0.9225628626234755
14 0.9885601758544997 0.9225988828121094
